Time Read Write
      1047         52          0
      2169         48          0
     13695         49          0
     15434        161        213
     18555          2          1
     19562          0         83
     21370          0         60
     22370          0       2227
     23371          0       4592
     24371          0       4566
     25371          0       4584
     26371          0       4570
     27371          0       4569
     28371          0       4554
     29371          0       4576
     30371          0       4589
     31371          0       4583
     32372          0       4573
     33372          0       4565
     34372          0       4535
     35372          0       4585
     36372          0       4535
     37372          0       4572
     38372          0       4561
     39372          0       4565
     40373          1       4554
     41373          0       4556
     42373          0       4574
     43373          0       4560
     44373          0       4569
     45373          0       4526
     46373          0       4581
     47373          0       4572
     48373          1       4605
     49373          0       4587
     50373          0       4570
     51373          0       4478
     52373          0       4489
     53373          0       4550
     54373       1568       5254
     55374      18647      14127
     56376      18506      14071
     57376      18208      13771
     58389       6558       4988
     59389       5817       4416
     60389       5969       4522
     61389       6153       4684
     62389       6438       4878
     63389       6765       5105
     64399       7153       5451
     65417       7484       5683
     66439       7798       5921
     67455       8138       6180
     68474       8487       6421
     69502       8649       6563
     70526       8136       6164
     71539       7346       5558
     72560       7353       5578
     73581       7448       5635
     74599       7579       5754
     75612       7564       5721
     76636       7626       5775
     77651       7635       5782
     78667       7775       5905
     79690       7832       5925
     80712       7816       5911
     81730       7874       5914
     82750       7817       5920
     83771       7661       5797
     84787       7798       5893
     85799       7708       5850
     86823       7683       5835
     87841       7707       5849
     88858       7703       5830
     89882       7653       5795
     90899       7665       5800
     91914       7719       5819
     92931       7704       5839
     93953       7781       5886
     94971       7761       5878
     95986       7719       5845
     97005       7703       5819
     98033       7747       5860
     99049       7846       5913
    100064       7670       5847
    101086       7685       5816
    102104       7604       5798
    103118       7640       5778
    104135       7635       5795
    105160       7717       5820
    106176       7695       5821
    107191       7737       5877
    108214       7829       5937
    109234       7628       5798
    110249       7632       5802
    111267       7790       5900
    112292       7745       5873
    113293       7375       5589
    114297       1029        791
    115297       4209       3235
    116297       7214       5447
    117314       7606       5768
    118332       7664       5829
    119352       7803       5902
    120379       7685       5844
    121400       7698       5820
    122422       7737       5869
    123445       7710       5849
    124464       7706       5868
    125486       7683       5843
    126508       7713       5820
    127526       7630       5787
    128545       7790       5878
    129568       7739       5867
    130579       7634       5807
    131599       7802       5910
    132625       7780       5865
    133646       7708       5838
    134664       7755       5878
    135682       7732       5848
    136707       7718       5837
    137725       7742       5868
    138743       7653       5799
    139767       7644       5791
    140784       7802       5909
    141801       7734       5861
    142820       7681       5820
    143835       7664       5809
    144852       7792       5889
    145869       7791       5892
    146892       7748       5882
    147906       7739       5860
    148922       7649       5787
    149941       7633       5813
    150962       7690       5836
    151976       7663       5809
    152994       7766       5881
    154017       7723       5845
    155036       7754       5864
    156054       7702       5830
    157073       7770       5888
    158095       7786       5896
    159112       7752       5863
    160126       7692       5831
    161150       7696       5808
    162173       7623       5741
    163190       7609       5766
    164206       7695       5822
    165229       7771       5847
    166246       7640       5805
    167263       7670       5819
    168287       7739       5835
    169308       7724       5867
    170324       7781       5906
    171339       7729       5846
    172358       7690       5831
    173374       7718       5835
    174389       7741       5876
    175408       7737       5871
    176430       7634       5783
    177447       7636       5792
    178465       7702       5825
    179477       7640       5805
    180500       7761       5876
    181518       7683       5848
    182532       7699       5832
    183557       7759       5856
    184582       7698       5808
    185596       7692       5851
    186613       7738       5846
    187638       7714       5829
    188652       7693       5843
    189669       7701       5821
    190694       7668       5797
    191713       7700       5821
    192729       7675       5814
    193745       7646       5795
    194766       7754       5864
    195784       7712       5857
    196798       7667       5807
    197821       7753       5870
    198836       7714       5837
    199853       7746       5854
    200868       7704       5828
    201901       7731       5869
    202919       7723       5826
    203935       7691       5824
    204955       7710       5839
    205972       7801       5904
    206989       7835       5934
    208015       7804       5901
    209038       7643       5799
    210057       7712       5843
    211074       7699       5836
    212093       7671       5797
    213109       7710       5837
    214124       7735       5882
    215140       7727       5847
    216164       7707       5821
    217179       7627       5789
    218196       7631       5783
    219218       7707       5840
    220243       7788       5901
    221257       7715       5852
    222273       7787       5894
    223296       7770       5872
    224310       7717       5850
    225327       7720       5833
    226345       7735       5863
    227366       7646       5783
    228385       7718       5811
    229404       7699       5839
    230423       7639       5792
    231444       7704       5812
    232460       7684       5849
    233477       7770       5883
    234497       7751       5869
    235512       7687       5834
    236529       7801       5901
    237545       7820       5903
    238570       7690       5791
    239590       7696       5815
    240606       7666       5806
    241627       7685       5827
    242644       7669       5788
    243661       7690       5833
    244677       7769       5871
    245699       7751       5851
    246715       7746       5867
    247733       7807       5906
    248749       7752       5870
    249769       7697       5819
    250785       7703       5823
    251798       7687       5789
    252818       7600       5787
    253835       7673       5813
    254849       7645       5774
    255867       7642       5787
    256887       7629       5788
    257902       7711       5832
    258919       7736       5848
    259933       7747       5879
    260956       7788       5901
    261975       7724       5816
    262994       7804       5903
    264016       7672       5823
    265034       7695       5811
    266050       7697       5809
    267066       7679       5831
    268090       7691       5814
    269107       7704       5847
    270122       7774       5865
    271138       7695       5841
    272158       7727       5838
    273176       7809       5893
    274196       7789       5891
    275218       7700       5819
    276241       7645       5783
    277253       7637       5823
    278268       7720       5837
    279292       7607       5783
    280308       7670       5810
    281324       7745       5845
    282343       7686       5823
    283365       7632       5801
    284384       7784       5890
    285400       7730       5840
    286424       7783       5895
    287442       7749       5865
    288459       7784       5884
    289479       7766       5855
    290500       7693       5841
    291514       7764       5858
    292530       7724       5830
    293545       7732       5866
    294568       7709       5811
    295581       7627       5770
    296597       7718       5846
    297611       7690       5816
    298631       7735       5864
    299647       7657       5805
    300663       7779       5873
    301676       7657       5808
    302694       7663       5812
    303711       7801       5885
    304726       7662       5827
    305744       7758       5863
    306766       7724       5848
    307780       7602       5779
    308795       7644       5794
    309818       7714       5826
    310837       7717       5835
    311854       7782       5890
    312869       7687       5824
    313892       7712       5827
    314913       7796       5887
    315933       7753       5870
    316959       7711       5847
    317975       7717       5822
    318995       7704       5856
    320010       7665       5799
    321029       7599       5757
    322049       7735       5831
    323065       7754       5882
    324086       7660       5784
    325104       7717       5842
    326118       7726       5846
    327133       7748       5857
    328162       7750       5851
    329178       7740       5869
    330192       7803       5867
    331214       7651       5809
    332238       7743       5839
    333252       7724       5857
    334271       7836       5914
    335292       7699       5838
    336308       7780       5887
    337324       7785       5910
    338339       7728       5839
    339360       7695       5807
    340375       7676       5829
    341387       7656       5811
    342404       7695       5817
    343423       7633       5791
    344442       7608       5762
    345456       7695       5839
    346473       7785       5894
    347501       7720       5822
    348520       7682       5839
    349537       7697       5835
    350558       7725       5845
    351581       7767       5877
    352597       7723       5844
    353613       7708       5833
    382319       5172       3933
