Time Blocks
     14621          0
     24678          0
     34679       1472
     44710       2048
     54728       2048
     64728       2048
     74755       2048
     84789       2048
     94824       2048
    104824       2048
    114848       2064
    124863       2048
    134898       2064
    144919       2048
    154931       2048
    164958       2048
    174970       2048
    184970       2048
    194984       2048
    205014       2048
    215014       2048
    225024       2048
    235064       2064
    245064       2048
    255064       2048
    265069       2048
    275069       2048
    285069       2048
    295069       2048
    305070       2048
    315070       2032
    325070       2048
