Time Read Write
      1127          1          0
      2227          1          0
     23812          1          0
     25896          3         66
     26903          0         27
     30529          0         19
     32578          0        576
     34583          0        576
     36578          0        576
     38580          0        576
     39580        145        151
     40580        169        170
     41581        172        170
     42613        155        154
     43625         62         63
     44656         64         65
     45656         68         68
     46681         69         68
     47681         71         71
     48681         74         75
     49681         75         77
     50696         83         81
     51731         86         85
     52731         88         87
     53748         83         84
     54748         89         90
     55754         79         81
     56765         79         80
     57774         76         78
     58791         79         79
     59827         81         81
     60861         85         82
     61861         81         80
     62862         76         78
     63862         84         81
     64883         80         80
     65917         84         82
     66917         83         82
     67918         80         78
     68918         80         81
     69918         78         78
     70942         81         82
     71942         83         82
     72942         77         78
     73959         80         81
     74988         80         83
     76023         84         83
     77061         82         82
     78089         84         82
     79127         83         83
     80152         80         83
     81187         82         83
     82187         83         83
     83187         78         77
     84187         85         82
     85187         79         78
     86222         83         82
     87243         82         83
     88280         82         83
     89312         81         83
     90312         85         81
     91313         77         76
     92313         80         81
     93315         77         77
     94351         80         82
     95385         81         82
     96419         83         83
     97419         83         82
     98419         76         79
     99457         82         80
    100482         81         83
    101482         84         81
    102484         78         77
    103514         81         82
    104549         82         82
    105549         81         80
    106549         78         79
    107583         84         83
    108617         84         83
    109617         82         82
    110617         77         78
    111653         81         80
    112681         82         84
    113716         82         83
    114745         81         83
    115745         86         83
    116745         77         78
    117766         81         82
    118766         83         82
    119766         75         78
    120781         80         80
    121781         82         81
    122784         76         76
    123811         81         82
    124835         80         83
    125867         81         82
    126867         84         83
    127867         77         78
    128899         82         81
    129922         80         83
    130950         81         83
    131950         85         82
    132950         77         79
    133966         78         82
    134987         80         82
    136012         82         82
    137043         84         83
    138072         83         83
    139098         82         83
    140098         83         82
    141098         78         77
    142126         81         80
    143160         82         82
    144161         83         82
    145161         77         79
    146185         83         82
    147222         84         83
    148255         83         83
    149289         82         83
    150311         82         82
    151331         79         81
    152368         81         82
    153403         83         82
    154436         83         82
    155436         81         82
    156436         77         77
    157463         81         83
    158491         82         83
    159491         83         80
    160493         76         78
    161493         81         82
    162493         78         77
    163524         81         83
    164547         82         82
    165579         85         82
    166595         81         83
    167612         82         83
    168641         81         83
    169669         84         83
    170696         83         82
    171724         82         82
    172752         83         83
    173787         85         82
    174824         84         82
    175857         81         83
    176893         81         82
    177923         79         82
    178945         80         82
    179976         81         83
    181011         83         83
    182011         81         81
    183020         82         78
    184053         82         82
    185066         78         83
    186095         82         82
    187096         82         82
    188096         78         79
    189127         83         81
    190157         83         82
    191157         84         83
    192157         77         78
    193174         78         81
    194174         82         81
    195174         79         76
    196201         80         82
    197232         83         82
    198256         81         83
    199256         85         81
    200268         79         79
    201268         83         81
    202268         77         78
    203290         80         81
    204323         84         82
    205323         82         82
    206324         77         78
    207350         83         81
    208388         82         83
    209407         81         83
    210407         83         83
    211407         78         78
    212442         82         82
    213478         85         84
    214479         84         81
    215480         77         78
    216480         81         82
    217482         80         77
    218520         82         82
    219539         79         82
    220539         83         82
    221539         77         79
    222558         80         80
    223592         84         82
    224624         82         83
    225654         81         82
    226683         82         82
    227706         80         82
    228739         82         83
    229772         82         82
    230810         82         82
    231838         83         81
    232859         79         82
    233893         83         83
    234908         79         83
    235926         83         82
    236962         85         83
    237988         82         81
    239015         82         82
    240015         83         82
    241024         83         78
    242058         80         83
    243086         80         83
    244122         83         82
    245149         82         82
    246180         83         83
    247180         83         81
    248184         79         79
    249223         83         83
    250251         83         82
    251251         82         80
    252262         78         78
    253262         84         82
    254262         81         81
    255298         82         81
    256312         80         83
    257349         85         83
    258381         80         81
    259417         84         81
    260450         82         82
    261473         81         82
    262505         84         82
    263505         82         81
    264505         77         77
    265540         85         83
    266540         82         82
    267540         78         79
    268548         80         80
    269548         85         82
    270548         78         78
    271569         81         80
    272597         82         83
    273633         86         82
    274667         81         82
    275667         83         82
    276675         78         78
    277705         82         83
    278705         83         81
    279705         77         78
    280740         81         81
    281754         80         82
    282788         84         83
    283788         82         82
    284789         76         77
    285817         80         81
    286848         84         82
    287877         81         81
    288901         81         82
    289917         80         82
    290917         83         82
    291917         76         78
    292947         83         82
    293977         82         82
    294995         82         83
    296020         83         82
    297021         81         83
    298021         78         78
    299053         82         80
    300078         83         81
    301078         84         81
    302079         78         77
    303104         83         83
    304132         81         82
    305166         85         82
    306205         84         83
    307205         84         83
    308208         76         76
    309235         81         82
    310251         82         82
    311286         79         83
    312286         84         82
    313292         76         77
    314314         82         83
    315326         79         82
    316355         82         83
    317355         83         82
    318355         76         77
    319380         83         82
    320406         83         82
    321443         83         82
    322475         87         82
    323508         86         84
    324539         83         83
    325539         82         83
    326539         80         79
    327571         82         81
    328603         83         82
    329634         81         82
    330634         82         82
    331645         76         76
    332675         82         82
    333706         82         82
    334739         83         82
    335757         82         82
    336775         80         82
    337807         84         83
