Time WAF
     69632   1.000000
     79632   1.041297
     89642   1.561124
     99666   1.905639
    109695   2.135804
    119695   2.260979
    129695   2.362803
    139720   2.434413
    149720   2.463622
    159757   2.502938
    169759   2.509284
    179761   2.530777
    189787   2.523172
    199818   2.533246
    209818   2.534857
    219822   2.547989
    229828   2.526125
    239848   2.534316
    249859   2.545259
    259859   2.520082
    269859   2.548389
    279859   2.537208
    289859   2.534083
    299897   2.545265
    309918   2.538287
    319927   2.545559
    329933   2.536180
    339944   2.552154
    349944   2.526635
    359971   2.548988
